#TITLE:PPP calculations for PBTDO1_2.5_U8_6
#HAMILTONIAN TO USE
PPP
#PARAMETERIZATION FOR THE PPP HAMILTONIAN
OHNO
#PARAMETERS FOR THE PPP HAMILTONIAN(if PARA, then write u, r0, diel)
NEW
#CHARGE ON THE SYSTEM
-4
#TOTAL NO. OF ATOMS IN THE UNIT
36
#GIVE THE COORDINATES OF THE ATOMS WITHIN THE ORIGIN
COORD
-6.74481260   -2.00193746   -0.43931101 
-6.21342729   -3.25349338   -0.54167692
-4.75153832   -3.28859058   -0.54506395
-4.16021686   -2.06399560   -0.44541732
-2.79641825   -1.61439806   -0.38435823
-2.37723423   -0.30766816   -0.28254875
-1.42449858   -2.75088525   -0.36448396
-0.96111036   -0.16270404   -0.18246869
-0.28869332   -1.41903038   -0.23695672
-0.20528283    1.02164587   -0.06567170
 1.09502959   -1.53457587   -0.19660535
 1.17844183    0.90610192   -0.02532107
 1.85086000   -0.35022521   -0.07980942
 2.31424046    2.23795858    0.10222815
 3.26698196   -0.20525987    0.02027952
 3.68615868    1.10147330    0.12209893
 5.04994219    1.55109648    0.18322217
 5.64117268    2.77574054    0.28288921
 7.10305412    2.74072517    0.27979772
 7.63452608    1.48920181    0.17761702
 8.97517922    0.97108597    0.17338024
 9.33069288   -0.35815841    0.15486320
10.40215572    2.03653764    0.12129879
10.73956848   -0.57727964    0.09576291
11.47252161    0.64593281    0.09504474
11.43764100   -1.80171171    0.06316916
12.86081669    0.69158076    0.08017478
12.82593774   -1.75606535    0.04830006
13.55889202   -0.53285215    0.04758219
13.89629736   -3.14667289    0.02202402
14.96776584   -0.75197501   -0.01152694
15.32327226   -2.08122285   -0.03005387
16.66391033   -2.59936721   -0.03435360
17.19526897   -3.85499781   -0.05137911
18.65671584   -3.89096366   -0.01655862
19.24772683   -2.66294922    0.02734866
ENDA
#TYPE OF CALCULATION
RHF
#END METHOD CARD
ENDM
#TOTAL NO. OF UNITS
1
#Check if any atomic operations (such as atom deletion, origin shift) need to be performed
NODELATOM
#CONVERGENCE THRESHOLD
1.D-8
#MAXIMUM No. of Iterations
100
#DAMPING of the Fock matrix
NODAMP
#HOPPING PARAMETERS
#NO. of HOPPING ELEMENTS
41
        2          1      -2.50707183720488     
        3          2      -2.19099460639681     
        4          3      -2.50709291548780     
        5          4      -2.27106042953917     
        6          5      -2.46691213992648     
        7          5      -2.20000000000000     
        8          6      -2.30387828321082     
        9          7      -2.20000000000000     
        9          8      -2.30720715679938     
       10          8      -2.35896556431944     
       11          9      -2.42520006463611     
       12         10      -2.42519496509941     
       13         11      -2.35895888831935     
       13         12      -2.30720318536982     
       14         12      -2.20000000000000     
       15         13      -2.30388195893770     
       16         14      -2.20000000000000     
       16         15      -2.46690696814454     
       17         16      -2.27107188717016     
       18         17      -2.50707331951110     
       19         18      -2.19102706789512     
       20         19      -2.50710385721931     
       21         20      -2.27106042211197     
       22         21      -2.46691211599398     
       23         21      -2.20000000000000     
       24         22      -2.30387830080317     
       25         23      -2.20000000000000     
       25         24      -2.30720714478645     
       26         24      -2.35896557740848     
       27         25      -2.42520007013859     
       28         26      -2.42519495796333     
       29         27      -2.35895887631126     
       29         28      -2.30720319506858     
       30         28      -2.20000000000000     
       31         29      -2.30388195176261     
       32         30      -2.20000000000000     
       32         31      -2.46690698032960     
       33         32      -2.27107190542465     
       34         33      -2.50707332996802     
       35         34      -2.19102708467989     
       36         35      -2.50707188850039     
#WHETHER SITE ENERGIES ARE TO BE READ?
SITE
36
1 -0.500000000000000     
2 -0.500000000000000     
3 -0.500000000000000     
4 -0.500000000000000     
5  0.000000000000000E+000
6  0.000000000000000E+000
7  -2.00000000000000     
8  0.000000000000000E+000
9  0.000000000000000E+000
10  0.000000000000000E+000
11 0.000000000000000E+000
12 0.000000000000000E+000
13 0.000000000000000E+000
14 -2.00000000000000     
15 0.000000000000000E+000
16 0.000000000000000E+000
17 -0.500000000000000     
18 -0.500000000000000     
19 -0.500000000000000     
20 -0.500000000000000     
21  0.000000000000000E+000
22  0.000000000000000E+000
23  -2.00000000000000     
24  0.000000000000000E+000
25  0.000000000000000E+000
26  0.000000000000000E+000
27  0.000000000000000E+000
28  0.000000000000000E+000
29  0.000000000000000E+000
30  -2.00000000000000     
31  0.000000000000000E+000
32  0.000000000000000E+000
33 -0.500000000000000     
34 -0.500000000000000     
35 -0.500000000000000     
36 -0.500000000000000     

